2 4 20 4
0 80
0 80
0 80
0 80
 1 37 52 0   7 1 4 1 2 4 8
 2 49 49 0  30 1 4 1 2 4 8
 3 52 64 0  16 1 4 1 2 4 8
 4 20 26 0   9 1 4 1 2 4 8
 5 40 30 0  21 1 4 1 2 4 8
 6 21 47 0  15 1 4 1 2 4 8
 7 17 63 0  19 1 4 1 2 4 8
 8 31 62 0  23 1 4 1 2 4 8
 9 52 33 0  11 1 4 1 2 4 8
10 51 21 0   5 1 4 1 2 4 8
11 42 41 0  19 1 4 1 2 4 8
12 31 32 0  29 1 4 1 2 4 8
13  5 25 0  23 1 4 1 2 4 8
14 12 42 0  21 1 4 1 2 4 8
15 36 16 0  10 1 4 1 2 4 8
16 52 41 0  15 1 4 1 2 4 8
17 27 23 0   3 1 4 1 2 4 8
18 17 33 0  41 1 4 1 2 4 8
19 13 13 0   9 1 4 1 2 4 8
20 57 58 0  28 1 4 1 2 4 8
21 20 20 0   0 0 0
22 30 40 0   0 0 0
23 50 30 0   0 0 0
24 60 50 0   0 0 0
